Score: 0.9838709677419355
Time: 0.26177072525024414