Score: 0.8387096774193549
Time: 0.31070566177368164